 Covariance Matrix
   0.12467   0.00673   0.06614   0.01670  -1.80930  -0.04122
   0.00673   0.08216   0.06032   0.12655  -1.11412   0.54291
   0.06614   0.06032   0.57063   0.25334 -12.36153   2.90971
   0.01670   0.12655   0.25334   5.51385 -12.25820  -1.05543
  -1.80930  -1.11412 -12.36153 -12.25820 351.63910 -72.95019
  -0.04122   0.54291   2.90971  -1.05543 -72.95019  35.70383
