 Covariance Matrix
   0.07839  -0.03502   0.03935   0.18823  -1.29049  -0.07171
  -0.03502   0.05001   0.00676  -0.17785   0.35359  -0.03853
   0.03935   0.00676   0.21057  -0.41706  -5.00387   0.30990
   0.18823  -0.17785  -0.41706   4.02263  12.60431  -4.39887
  -1.29049   0.35359  -5.00387  12.60431 174.65692  -2.98026
  -0.07171  -0.03853   0.30990  -4.39887  -2.98026  22.82701
