 Covariance Matrix
   0.05722  -0.03865   0.02801  -0.03764  -1.33403   0.11239
  -0.03865   0.07186  -0.01179  -0.00036   0.75575  -0.44224
   0.02801  -0.01179   0.17535  -0.56734  -4.19538   0.86611
  -0.03764  -0.00036  -0.56734   5.08065  16.77122  -7.22403
  -1.33403   0.75575  -4.19538  16.77122 166.28429 -15.91000
   0.11239  -0.44224   0.86611  -7.22403 -15.91000  28.38140
