 Covariance Matrix
   0.12778  -0.00094   0.07885  -0.04002  -2.30751   0.02043
  -0.00094   0.08070   0.01792   0.01165  -0.01957  -0.03668
   0.07885   0.01792   0.39598   0.40220  -8.37236   1.52028
  -0.04002   0.01165   0.40220   4.66709 -12.87254  -0.62807
  -2.30751  -0.01957  -8.37236 -12.87254 235.08705 -34.35893
   0.02043  -0.03668   1.52028  -0.62807 -34.35893  19.93840
