 Covariance Matrix
   0.18637  -0.01436   0.03669  -0.06511  -1.58130  -0.18492
  -0.01436   0.08851   0.05476   0.13867  -0.81031   0.52172
   0.03669   0.05476   0.53042  -0.01954 -10.17663   3.05427
  -0.06511   0.13867  -0.01954   4.10496  -0.72170  -2.53140
  -1.58130  -0.81031 -10.17663  -0.72170 262.09271 -69.24054
  -0.18492   0.52172   3.05427  -2.53140 -69.24054  34.13099
